0
0
0
1
0
3
0
3
2
5
0
7
0
7
6
7
0
11
0
11
8
11
0
15
4
13
8
15
0
21
0
15
12
17
10
23
0
19
14
23
0
29
0
23
20
23
0
31
6
29
18
27
0
35
14
31
20
29
0
43
0
31
26
31
16
45
0
35
24
45
0
47
0
37
34
39
16
53
0
47
26
41
0
59
20
43
30
47
0
65
18
47
32
47
22
63
0
55
38
59
0
69
0
55
56
53
0
71
0
69
38
63
0
77
26
59
44
59
22
87
10
61
42
63
24
89
0
63
44
81
0
91
24
67
62
71
0
93
0
91
48
71
22
95
32
73
62
75
0
109
0
79
56
93
34
107
0
79
54
95
28
107
0
83
84
83
0
119
12
105
62
87
0
117
54
95
60
89
0
131
0
109
62
95
40
125
26
95
80
117
0
127
0
97
98
111
0
137
0
119
68
101
34
139
44
103
74
111
28
161
0
107
72
107
46
143
36
109
74
139
28
149
0
127
104
113
0
155
0
141
110
119
0
161
50
119
80
141
0
175
0
131
80
123
76
165
30
127
84
149
0
179
32
127
126
127
0
173
42
163
92
131
0
183
56
157
90
135
0
197
0
143
128
137
74
187
0
139
98
183
0
189
0
143
140
165
46
191
16
177
98
147
0
209
62
151
116
149
34
219
48
151
102
159
64
209
0
187
104
189
0
215
0
157
170
159
0
213
38
191
108
189
34
215
84
163
110
167
52
249
0
167
116
167
70
239
0
181
114
211
40
233
48
175
168
173
0
235
0
229
134
191
0
237
74
179
164
179
0
263
18
181
142
219
76
245
0
191
128
225
58
251
0
213
174
191
40
269
0
235
128
191
0
255
144
193
134
195
0
293
38
223
132
197
82
275
0
199
182
239
0
269
42
203
188
237
46
279
0
249
138
207
64
281
86
223
140
237
0
323
0
211
146
215
104
285
66
215
188
261
0
287
0
253
210
219
40
293
0
279
188
249
0
299
92
223
150
255
0
329
50
227
152
227
166
311
0
229
170
283
0
341
0
239
224
233
0
323
72
285
158
239
52
317
114
283
164
239
0
351
48
241
218
263
100
323
0
247
164
321
0
331
44
277
254
255
76
333
0
